<?xml version="1.0"?>
<opencv_storage>
<calibration_time>"Fri Sep  1 22:07:37 2023"</calibration_time>
<nr_of_frames>25</nr_of_frames>
<image_width>640</image_width>
<image_height>480</image_height>
<board_width>3</board_width>
<board_height>3</board_height>
<square_size>2.1431249618530273e+01</square_size>
<marker_size>1.</marker_size>
<fix_aspect_ratio>1.</fix_aspect_ratio>
<!-- flags: +fix_aspectRatio +fix_principal_point +zero_tangent_dist +fix_k4 +fix_k5 -->
<flags>6158</flags>
<fisheye_model>0</fisheye_model>
<camera_matrix type_id="opencv-matrix">
  <rows>3</rows>
  <cols>3</cols>
  <dt>d</dt>
  <data>
    6.1490923613083517e+01 0. 3.1950000000000000e+02 0.
    6.1490923613083517e+01 2.3950000000000000e+02 0. 0. 1.</data></camera_matrix>
<distortion_coefficients type_id="opencv-matrix">
  <rows>5</rows>
  <cols>1</cols>
  <dt>d</dt>
  <data>
    -7.2331259539147900e-04 5.5785800977067553e-04 0. 0.
    -6.6812329571138528e-06</data></distortion_coefficients>
<avg_reprojection_error>4.9838394843428389e+01</avg_reprojection_error>
<per_view_reprojection_errors type_id="opencv-matrix">
  <rows>25</rows>
  <cols>1</cols>
  <dt>f</dt>
  <data>
    2.12345943e+01 3.27070332e+00 1.57059250e+01 1.85915589e-01
    1.65796483e+00 9.95413542e-01 7.78423905e-01 2.01265359e+00
    1.55952179e+00 1.76485729e+01 2.23844814e+00 2.27127862e+00
    1.74757431e+02 1.71823212e+02 2.76817536e+00 1.01466000e+00
    2.53329843e-01 1.07916975e+00 1.73061207e-01 1.98655754e-01
    5.98744094e-01 2.61456089e+01 1.72765026e+01 1.60434023e-01
    1.78274259e-01</data></per_view_reprojection_errors>
<!-- a set of 6-tuples (rotation vector + translation vector) for each view -->
<extrinsic_parameters type_id="opencv-matrix">
  <rows>25</rows>
  <cols>6</cols>
  <dt>d</dt>
  <data>
    -2.8991054032730990e-01 -5.7925749622788547e-01
    6.8240530044915468e-02 2.1101837665476982e+01
    -3.4547954161182602e+01 3.1618129964274164e+01
    1.1490565244395517e-02 -2.6947489312586285e-02
    3.1092075918312978e+00 -2.2716059209861970e+02
    -3.2551350901130213e+01 6.6692283108599611e+01
    -3.1386062971205941e-02 -2.3022573554223245e+00
    -1.9630234383240650e-01 -2.3281309435671432e+01
    -3.9241855963238741e+01 2.5619840871098578e+01
    7.5509858502342672e-03 6.3024511447964480e-03 3.1042939703410131e+00
    -6.3783603846889029e+01 -3.3150972876361436e+01
    5.7200040248191826e+01 2.2280090340066908e-02 8.1021065644271001e-03
    -3.0577151599081103e+00 -1.7195489632076493e+02
    2.4186845357123723e+01 6.4026406086331335e+01
    -3.0089728649497167e-02 2.4134620220544818e-02
    -1.6407849985894738e+00 -2.1006377383010781e+02
    4.0890671438710484e+01 5.9607652311790972e+01
    -8.2682223379645040e-03 1.4094160315820220e-02
    -5.0242910074507451e-02 -2.0181388953360997e+02
    -3.6066655227736915e+00 5.9320342356026757e+01
    1.6632749012806116e-02 3.1657944386676670e-02 7.7358043730247961e-01
    -1.7411258786560680e+02 2.8207366402189766e+01
    5.4980532006270550e+01 1.5062508103327026e-03 4.4898934820475710e-02
    -7.4488765236751953e-01 -2.5582723608632688e+02
    1.1806186765571012e+02 6.1461651467717374e+01
    -2.2869192405602315e-01 7.0841975003289370e-01
    -1.0209512155458016e+00 -2.9046960910033459e+02
    2.8114906995805768e+02 1.2611243941491401e+02
    -3.1207039844115228e-02 -1.5450829944190387e-02
    1.1211930346242085e+00 -6.7067328525619317e+01
    1.6813409688801201e+02 6.8231507985821281e+01
    -3.9227792543608510e-02 -1.3330620488345617e-02
    1.1244107802101522e+00 -7.0655470870417673e+01
    1.6938657340388644e+02 6.9700469228891492e+01
    -1.3325902946928267e+00 1.5204111984948745e+00
    4.7497274474796181e-01 1.6715894918759137e+01 1.3987817527452776e+01
    3.4403377802753930e+01 -1.3176359553087043e+00
    1.5171084143467473e+00 4.7158849492644478e-01 1.6582187214939886e+01
    1.3399639386328898e+01 3.4581272363091372e+01
    -6.0873879748496229e-02 -1.3418253507191398e-02
    1.2107035001350424e+00 -6.1101989848328110e+01
    2.0219374743443544e+02 7.6379364390401165e+01 1.3858037617585861e-02
    6.0590676916567106e-03 3.0715716515365905e+00
    -1.4072226964862620e+02 4.2161619675662713e+01
    5.8699486351837180e+01 1.4741439862701864e-03 1.8472956667416277e-02
    -1.6059003330704906e+00 -1.5676633693025144e+02
    4.6527676531142937e+01 5.6910012294527448e+01 2.5840076457538490e-02
    6.7676440844879004e-02 1.4230952556010816e+00
    -1.3804791588450422e+02 -5.4423258006448059e+01
    5.1299366369746863e+01 3.5421869191044945e-03 1.0872374855140378e-02
    1.0608892150184351e-01 -1.4454782072869403e+02
    -2.9736135167862543e+01 5.5814949637058724e+01
    8.3067595829220131e-03 -3.2621741735031091e-03
    3.1142384893542761e+00 -5.9527702427703012e+01
    -4.3852303681907586e+01 6.0126763150564095e+01
    -7.9229909775108860e-03 3.0370000740971494e-02
    -2.7090959904530156e+00 -6.2842600095185333e+01
    1.6469462999394517e+02 5.0652927946129850e+01
    -1.9049248987054737e-01 4.2179140045995467e-01
    -1.3299021628611536e+00 -1.2242718371300164e+02
    1.9032058047261319e+02 8.2930578935054172e+01 1.9025962025401535e+00
    -1.6162549259639574e+00 -8.8801471507326632e-02
    1.4604853629661864e+02 -1.0472927018237716e+02
    6.0968317071090048e+01 -1.7701591156329143e-02
    -2.7994250814507616e-02 1.4873655064396185e+00
    7.1156264096524808e+01 -2.4457140107729213e+01
    5.1841867996185997e+01 2.6592871991807564e-02
    -3.1330261621347721e-02 -1.6163392789187925e+00
    3.5278575556539224e+01 5.5382722339056627e+01 5.0983714777603325e+01</data></extrinsic_parameters>
