<?xml version="1.0"?>
<opencv_storage>
<calibration_time>"Wed Aug 30 17:13:24 2023"</calibration_time>
<nr_of_frames>10</nr_of_frames>
<image_width>640</image_width>
<image_height>480</image_height>
<board_width>4</board_width>
<board_height>4</board_height>
<square_size>50.</square_size>
<marker_size>25.</marker_size>
<fix_aspect_ratio>1.</fix_aspect_ratio>
<!-- flags: +fix_aspectRatio +fix_principal_point +zero_tangent_dist +fix_k4 +fix_k5 -->
<flags>6158</flags>
<fisheye_model>0</fisheye_model>
<camera_matrix type_id="opencv-matrix">
  <rows>3</rows>
  <cols>3</cols>
  <dt>d</dt>
  <data>
    8.7523570975060511e+02 0. 3.1950000000000000e+02 0.
    8.7523570975060511e+02 2.3950000000000000e+02 0. 0. 1.</data></camera_matrix>
<distortion_coefficients type_id="opencv-matrix">
  <rows>5</rows>
  <cols>1</cols>
  <dt>d</dt>
  <data>
    -2.4547840774168911e-01 -7.3836311397452636e-01 0. 0.
    2.3047601783046996e+01</data></distortion_coefficients>
<avg_reprojection_error>1.4168853464209850e+00</avg_reprojection_error>
<per_view_reprojection_errors type_id="opencv-matrix">
  <rows>10</rows>
  <cols>1</cols>
  <dt>f</dt>
  <data>
    3.13679504e+00 5.07916570e-01 1.93208051e+00 2.39673328e+00
    2.57054657e-01 1.62292182e-01 4.81052399e-01 2.14303270e-01
    1.72683299e-01 3.18340361e-01</data></per_view_reprojection_errors>
<!-- a set of 6-tuples (rotation vector + translation vector) for each view -->
<extrinsic_parameters type_id="opencv-matrix">
  <rows>10</rows>
  <cols>6</cols>
  <dt>d</dt>
  <data>
    -3.8049885537537081e-01 7.3202304834749848e-02
    2.8324739476244263e-03 -2.0834505247059704e+02
    4.7521121287003950e+01 1.0628891935462279e+03
    -9.5105834805731954e-02 -1.3272378601666219e+00
    9.6755427589238441e-02 -2.9569169069217730e+02
    -4.5019461260850484e+01 1.3820865140511844e+03
    5.5250431398059374e-01 -2.5150026144130394e-01
    2.4167227926978554e-01 -3.5619005407009513e+02
    -2.0675708140881005e+02 1.2111800270610825e+03
    -1.1109745855225293e+00 7.2666708033541572e-01
    1.1898913278298584e+00 -1.6262596223570915e+02
    2.1674563219202844e+02 1.3264528744558613e+03
    -2.5563251229089501e-01 8.2984400376069592e-02
    -4.0406322265480868e-02 -3.3056244692033988e+02
    -2.1542571229845415e+00 1.2802834566599981e+03
    -2.1842368650576069e-01 1.7053105845352229e-01
    1.5189040459090384e+00 -1.2657863520527042e+02
    -3.5891952875674711e+01 1.2667206798675352e+03
    -2.1998966922361493e-01 1.5288454550070502e-01
    1.5348775617879051e+00 -1.3778637550286896e+02
    -1.3095343039279189e+02 1.2802224424951023e+03
    -2.0949702865743369e-01 -3.5874629195644485e-02
    -2.1225600766651517e-02 -2.3605217583866289e+02
    -1.3070157070012405e+02 1.2797317749204738e+03
    -1.8939019794302606e-01 1.1738764308829801e-01
    1.5425811098881232e+00 -7.6455757641660625e+01
    -1.3367681845201417e+02 1.2842218811688635e+03
    -1.5274010555119699e-01 -4.6118952920880601e-01
    -4.7625449767180791e-02 -1.4686927764800609e+02
    -1.2136017582440837e+02 1.1772224395974326e+03</data></extrinsic_parameters>
<image_points type_id="opencv-matrix">
  <rows>10</rows>
  <cols>16</cols>
  <dt>"2f"</dt>
  <data>
    1.50995590e+02 2.86997711e+02 1.87500000e+02 274. 230.
    2.76500000e+02 2.71313538e+02 2.77263794e+02 1.44206070e+02
    3.13750031e+02 1.86500000e+02 316. 2.28500000e+02 3.17500000e+02
    270. 319. 1.41500000e+02 357. 185. 358. 2.22346817e+02
    3.58350494e+02 2.66921356e+02 3.59453400e+02 1.41241272e+02
    3.99169464e+02 1.78811920e+02 3.99191528e+02 2.25500000e+02
    4.00500000e+02 267. 402. 1.32874252e+02 2.11145340e+02
    1.47416229e+02 2.15938950e+02 1.60293976e+02 2.20504089e+02
    1.72044312e+02 2.24809280e+02 1.33064011e+02 2.42192322e+02
    1.46527283e+02 2.46156357e+02 1.59265854e+02 2.49544357e+02
    1.70294159e+02 2.52868744e+02 1.32270889e+02 2.73736603e+02
    1.44900513e+02 2.76448120e+02 1.57755417e+02 2.78827179e+02
    1.69338547e+02 2.81251068e+02 1.30653351e+02 3.05619843e+02
    1.44055496e+02 3.07091888e+02 1.56222946e+02 3.08421967e+02
    1.68012238e+02 3.09801697e+02 6.34982338e+01 8.90557327e+01
    1.02221550e+02 9.83550644e+01 1.36328995e+02 1.06261124e+02
    1.70829269e+02 1.14405449e+02 5.83403168e+01 1.22488693e+02
    9.45765762e+01 1.29893585e+02 1.29854843e+02 1.37733673e+02
    1.64739655e+02 1.44843552e+02 5.37697067e+01 1.53377808e+02
    8.91614838e+01 1.61296234e+02 1.24755219e+02 1.67535507e+02
    1.57943344e+02 1.74271530e+02 4.87076492e+01 1.83708481e+02
    8.65892181e+01 1.91613815e+02 1.18259834e+02 1.96490326e+02 150.
    195. 2.13941391e+02 3.81712524e+02 2.19590698e+02 3.99790161e+02
    2.24193115e+02 4.16477478e+02 2.29290146e+02 4.34618103e+02
    1.80500000e+02 380. 1.85277145e+02 4.01553192e+02 1.87896301e+02
    4.12179718e+02 1.93124893e+02 4.34883850e+02 1.46500000e+02 382.
    1.49447189e+02 3.95894196e+02 1.52915253e+02 4.20707397e+02
    1.55783951e+02 4.39780548e+02 1.12923569e+02 3.84263092e+02
    1.14330109e+02 4.04722321e+02 1.16408897e+02 4.23401917e+02
    1.17829857e+02 4.39693695e+02 9.60928040e+01 2.37776886e+02
    1.29212326e+02 2.36294525e+02 1.61892853e+02 2.34541473e+02
    1.95231079e+02 2.32852142e+02 9.54654236e+01 2.71154175e+02
    1.28254608e+02 2.69524872e+02 1.61392853e+02 2.67935242e+02
    1.94832611e+02 2.66282654e+02 9.42482452e+01 3.04728912e+02
    1.27288429e+02 3.03218964e+02 1.60644287e+02 3.01631897e+02
    1.95009689e+02 3.00426239e+02 9.26527252e+01 3.38813385e+02
    1.26184242e+02 3.37375061e+02 1.60395065e+02 3.36031311e+02
    1.95126190e+02 3.34834320e+02 2.32126099e+02 2.14637070e+02
    2.32995148e+02 2.48229858e+02 2.33875168e+02 2.82374207e+02
    2.34601547e+02 3.16905792e+02 1.98084152e+02 2.16068634e+02
    1.98506363e+02 2.49577881e+02 1.98930496e+02 2.83651489e+02
    1.99555435e+02 3.18140869e+02 1.64009705e+02 2.17587845e+02
    1.64039536e+02 2.51012024e+02 1.64188553e+02 2.85037140e+02
    1.64158249e+02 3.19462982e+02 1.29626740e+02 2.18642563e+02
    1.29556458e+02 2.52297592e+02 1.29409332e+02 2.86363403e+02
    1.29202255e+02 3.20643250e+02 2.25984726e+02 1.50689804e+02
    2.25913559e+02 1.83199966e+02 2.25714142e+02 2.15823135e+02
    2.25707733e+02 2.49512527e+02 1.92257217e+02 1.51249313e+02
    1.91773438e+02 1.83664536e+02 1.91637772e+02 2.16672745e+02
    1.91366409e+02 2.50458466e+02 1.58506531e+02 1.51979187e+02
    1.58055466e+02 1.84462448e+02 1.57465134e+02 2.17478882e+02
    1.56973969e+02 2.51164551e+02 1.23434769e+02 1.52303772e+02
    1.23436974e+02 1.85992783e+02 1.22631012e+02 2.18529129e+02
    1.21603180e+02 2.52694717e+02 1.59491119e+02 1.50803452e+02
    1.93370453e+02 1.50285568e+02 2.27407730e+02 1.49754639e+02
    2.61210175e+02 1.49241455e+02 1.59001434e+02 1.83650833e+02
    1.92981644e+02 1.82980209e+02 2.27314835e+02 1.82502731e+02
    2.61387054e+02 1.81715210e+02 1.58485474e+02 2.16812317e+02
    1.92783752e+02 2.16354752e+02 2.27216141e+02 2.15443985e+02
    2.61488617e+02 2.14683167e+02 1.58136017e+02 2.50732529e+02
    1.92556839e+02 2.50230637e+02 2.27253098e+02 2.49331482e+02
    2.61674255e+02 2.48593140e+02 2.67604889e+02 1.48751160e+02
    2.68102264e+02 1.81579773e+02 2.68389954e+02 2.14620178e+02
    2.68874146e+02 2.48657364e+02 2.33896606e+02 1.49435944e+02
    2.33900391e+02 1.82299377e+02 2.33900467e+02 2.15439117e+02
    2.34173920e+02 2.49391922e+02 1.99723221e+02 1.49762222e+02
    1.99519516e+02 1.82694199e+02 1.99577774e+02 2.16284317e+02
    1.99501816e+02 2.50252441e+02 1.65803223e+02 1.50485992e+02
    1.65444885e+02 1.83420395e+02 1.65194901e+02 2.16717758e+02
    1.64842712e+02 2.50755630e+02 2.10815918e+02 1.49485321e+02
    2.45425308e+02 1.50767700e+02 2.78454224e+02 1.52227402e+02
    3.10452240e+02 1.53559952e+02 2.13150009e+02 1.85927277e+02
    2.47596893e+02 1.86461792e+02 2.81365265e+02 1.86885193e+02
    3.13431488e+02 1.87388550e+02 2.15331863e+02 2.22743561e+02
